~h "f"
<BEGINHMM>
<NUMSTATES> 5
<TRANSP> 5
0e0 1e0 0e0 0e0 0e0
0e0 8.749938008850718e-1 1.2500619911503155e-1 0e0 0e0
0e0 0e0 6.318917697606774e-1 3.681082302392264e-1 0e0
0e0 0e0 0e0 5.565040985486622e-1 4.4349590145127593e-1
0e0 0e0 0e0 0e0 0e0 
<ENDHMM>
~h "k"
<BEGINHMM>
<NUMSTATES> 5
<TRANSP> 5
0e0 1e0 0e0 0e0 0e0
0e0 7.285031245561403e-1 2.714968754438041e-1 0e0 0e0
0e0 0e0 7.683270859046484e-1 2.316729140955851e-1 0e0
0e0 0e0 0e0 5.946354540547607e-1 4.053645459453166e-1
0e0 0e0 0e0 0e0 0e0 
<ENDHMM>
~h "n"
<BEGINHMM>
<NUMSTATES> 5
<TRANSP> 5
0e0 1e0 0e0 0e0 0e0
0e0 7.576139049339924e-1 2.423860950660858e-1 0e0 0e0
0e0 0e0 5.904475788806725e-1 4.095524211193142e-1 0e0
0e0 0e0 0e0 6.831341686757074e-1 3.168658313245174e-1
0e0 0e0 0e0 0e0 0e0 
<ENDHMM>
~h "r"
<BEGINHMM>
<NUMSTATES> 5
<TRANSP> 5
0e0 1e0 0e0 0e0 0e0
0e0 4.794766698559398e-1 5.205233301442573e-1 0e0 0e0
0e0 0e0 7.569927712137849e-1 2.4300722878612863e-1 0e0
0e0 0e0 0e0 6.388396961971505e-1 3.6116030380288244e-1
0e0 0e0 0e0 0e0 0e0 
<ENDHMM>
~h "s"
<BEGINHMM>
<NUMSTATES> 5
<TRANSP> 5
0e0 1e0 0e0 0e0 0e0
0e0 6.754806154329244e-1 3.245193845670564e-1 0e0 0e0
0e0 0e0 8.267390159557878e-1 1.732609840441132e-1 0e0
0e0 0e0 0e0 6.236396910252546e-1 3.7636030897465295e-1
0e0 0e0 0e0 0e0 0e0 
<ENDHMM>
~h "t"
<BEGINHMM>
<NUMSTATES> 5
<TRANSP> 5
0e0 1e0 0e0 0e0 0e0
0e0 6.04748869100308e-1 3.9525113089969577e-1 0e0 0e0
0e0 0e0 7.208503275857744e-1 2.7914967241440836e-1 0e0
0e0 0e0 0e0 7.279630098821083e-1 2.720369901180013e-1
0e0 0e0 0e0 0e0 0e0 
<ENDHMM>
~h "v"
<BEGINHMM>
<NUMSTATES> 5
<TRANSP> 5
0e0 1e0 0e0 0e0 0e0
0e0 7.409108155624728e-1 2.5908918443767626e-1 0e0 0e0
0e0 0e0 6.539451938593138e-1 3.460548061407125e-1 0e0
0e0 0e0 0e0 7.614254333334035e-1 2.3857456666642587e-1
0e0 0e0 0e0 0e0 0e0 
<ENDHMM>
~h "w"
<BEGINHMM>
<NUMSTATES> 5
<TRANSP> 5
0e0 1e0 0e0 0e0 0e0
0e0 8.216080230258117e-1 1.7839197697414289e-1 0e0 0e0
0e0 0e0 8.041619632025012e-1 1.9583803679743175e-1 0e0
0e0 0e0 0e0 8.093312402291728e-1 1.9066875977072303e-1
0e0 0e0 0e0 0e0 0e0 
<ENDHMM>
~h "z"
<BEGINHMM>
<NUMSTATES> 5
<TRANSP> 5
0e0 1e0 0e0 0e0 0e0
0e0 6.777815826922292e-1 3.2221841730779816e-1 0e0 0e0
0e0 0e0 7.214371991878469e-1 2.785628008120527e-1 0e0
0e0 0e0 0e0 6.778338631791128e-1 3.2216613682076367e-1
0e0 0e0 0e0 0e0 0e0 
<ENDHMM>
~h "ah"
<BEGINHMM>
<NUMSTATES> 5
<TRANSP> 5
0e0 1e0 0e0 0e0 0e0
0e0 6.972867026006563e-1 3.02713297399316e-1 0e0 0e0
0e0 0e0 5.927857073248914e-1 4.072142926750415e-1 0e0
0e0 0e0 0e0 5.180757515852358e-1 4.8192424841470577e-1
0e0 0e0 0e0 0e0 0e0 
<ENDHMM>
~h "ao"
<BEGINHMM>
<NUMSTATES> 5
<TRANSP> 5
0e0 1e0 0e0 0e0 0e0
0e0 6.62280832415949e-1 3.3771916758392195e-1 0e0 0e0
0e0 0e0 8.521251335996293e-1 1.478748664004833e-1 0e0
0e0 0e0 0e0 8.059599522079983e-1 1.9404004779194617e-1
0e0 0e0 0e0 0e0 0e0 
<ENDHMM>
~h "ay"
<BEGINHMM>
<NUMSTATES> 5
<TRANSP> 5
0e0 1e0 0e0 0e0 0e0
0e0 7.081050206949873e-1 2.918949793052136e-1 0e0 0e0
0e0 0e0 8.942733896912579e-1 1.0572661030878956e-1 0e0
0e0 0e0 0e0 7.874818769120283e-1 2.125181230880344e-1
0e0 0e0 0e0 0e0 0e0 
<ENDHMM>
~h "eh"
<BEGINHMM>
<NUMSTATES> 5
<TRANSP> 5
0e0 1e0 0e0 0e0 0e0
0e0 4.148064921616974e-1 5.851935078383239e-1 0e0 0e0
0e0 0e0 3.792567837068518e-1 6.207432162931092e-1 0e0
0e0 0e0 0e0 5.586274743471898e-1 4.4137252565311025e-1
0e0 0e0 0e0 0e0 0e0 
<ENDHMM>
~h "ey"
<BEGINHMM>
<NUMSTATES> 5
<TRANSP> 5
0e0 1e0 0e0 0e0 0e0
0e0 8.861968458786408e-1 1.1380315412147803e-1 0e0 0e0
0e0 0e0 8.691822073163422e-1 1.3081779268390525e-1 0e0
0e0 0e0 0e0 6.89919866579804e-1 3.100801334200131e-1
0e0 0e0 0e0 0e0 0e0 
<ENDHMM>
~h "ih"
<BEGINHMM>
<NUMSTATES> 5
<TRANSP> 5
0e0 1e0 0e0 0e0 0e0
0e0 4.488938073842377e-1 5.511061926157077e-1 0e0 0e0
0e0 0e0 5.749746312262831e-1 4.2502536877378017e-1 0e0
0e0 0e0 0e0 7.658341506833112e-1 2.3416584931659623e-1
0e0 0e0 0e0 0e0 0e0 
<ENDHMM>
~h "iy"
<BEGINHMM>
<NUMSTATES> 5
<TRANSP> 5
0e0 1e0 0e0 0e0 0e0
0e0 8.04480050810123e-1 1.9551994918986404e-1 0e0 0e0
0e0 0e0 8.171192804253231e-1 1.828807195747543e-1 0e0
0e0 0e0 0e0 7.421837654802607e-1 2.5781623451957714e-1
0e0 0e0 0e0 0e0 0e0 
<ENDHMM>
~h "ow"
<BEGINHMM>
<NUMSTATES> 5
<TRANSP> 5
0e0 1e0 0e0 0e0 0e0
0e0 7.554591155596105e-1 2.445408844406491e-1 0e0 0e0
0e0 0e0 9.095309131138417e-1 9.04690868862251e-2 0e0
0e0 0e0 0e0 8.426015532512882e-1 1.5739844674880107e-1
0e0 0e0 0e0 0e0 0e0 
<ENDHMM>
~h "sp"
<BEGINHMM>
<NUMSTATES> 3
<TRANSP> 3
0e0 7.575445e-2 9.242456e-1
0e0 9.377303758214286e-1 6.226962417861701e-2
0e0 0e0 0e0 
<ENDHMM>
~h "th"
<BEGINHMM>
<NUMSTATES> 5
<TRANSP> 5
0e0 1e0 0e0 0e0 0e0
0e0 8.472160464395864e-1 1.5278395356026103e-1 0e0 0e0
0e0 0e0 7.642362357753388e-1 2.357637642247103e-1 0e0
0e0 0e0 0e0 7.454169085417366e-1 2.5458309145847646e-1
0e0 0e0 0e0 0e0 0e0 
<ENDHMM>
~h "uw"
<BEGINHMM>
<NUMSTATES> 5
<TRANSP> 5
0e0 1e0 0e0 0e0 0e0
0e0 7.145842185405559e-1 2.8541578145955315e-1 0e0 0e0
0e0 0e0 8.87017397880814e-1 1.1298260211934241e-1 0e0
0e0 0e0 0e0 8.707893490138914e-1 1.2921065098594164e-1
0e0 0e0 0e0 0e0 0e0 
<ENDHMM>
~h "sil"
<BEGINHMM>
<NUMSTATES> 5
<TRANSP> 5
0e0 1e0 0e0 0e0 0e0
0e0 8.454109214568379e-1 8.931367170231289e-2 6.527540684091789e-2 0e0
0e0 0e0 9.098903822308461e-1 9.01096177692705e-2 0e0
0e0 2.0103735352942395e-1 0e0 4.6461589615425e-1 3.343467503162918e-1
0e0 0e0 0e0 0e0 0e0 
<ENDHMM>
